latt
34.53 0.0 0.0
0.0 25.0 0.0
0.0 0.0 90.0
fixPosH
0.0669278321459601 0.5 0.657393949255556 Mo
0.145666909585867 0.5 0.673091296777778 Mo
0.224405987054735 0.5 0.6887886443 Mo
0.0629908782507964 0.5 0.623383029633333 Mo
0.141729955719664 0.5 0.639080377155556 Mo
0.220469033188532 0.5 0.654777724677778 Mo
0.299208110657399 0.5 0.670475072188889 Mo
0.377947188126267 0.500000000000001 0.686172419711111 Mo
0.0590539243845931 0.5 0.589372110011111 Mo
0.137793001853461 0.5 0.605069457522222 Mo
0.216532079322328 0.5 0.620766805044445 Mo
0.295271156791196 0.5 0.636464152566667 Mo
0.374010234260064 0.5 0.652161500088889 Mo
0.452749311699971 0.500000000000001 0.667858847611111 Mo
0.531488389168839 0.500000000000002 0.683556195122223 Mo
0.0551169705183898 0.5 0.555361190377778 Mo
0.133856047987258 0.5 0.5710585379 Mo
0.212595125456125 0.5 0.586755885422222 Mo
0.291334202896033 0.5 0.602453232944444 Mo
0.3700732803649 0.5 0.618150580455556 Mo
0.448812357833768 0.500000000000001 0.633847927977778 Mo
0.527551435302636 0.500000000000001 0.6495452755 Mo
0.606290512771503 0.500000000000001 0.665242623022222 Mo
0.685029590240371 0.5 0.680939970544445 Mo
0.0511800166521865 0.5 0.521350270755556 Mo
0.129919094092094 0.5 0.537047618277778 Mo
0.208658171560962 0.5 0.5527449658 Mo
0.287397249029829 0.5 0.568442313311111 Mo
0.366136326498697 0.5 0.584139660833333 Mo
0.444875403967565 0.500000000000001 0.599837008355556 Mo
0.523614481436432 0.500000000000001 0.615534355877778 Mo
0.6023535589053 0.500000000000001 0.631231703388889 Mo
0.681092636345207 0.5 0.646929050911111 Mo
0.759831713814075 0.5 0.662626398433334 Mo
0.838570791282943 0.5 0.678323745955556 Mo
0.0472430627570229 0.5 0.487339351133333 Mo
0.125982140225891 0.5 0.503036698644445 Mo
0.204721217694758 0.5 0.518734046166667 Mo
0.283460295163626 0.5 0.534431393688889 Mo
0.362199372632494 0.5 0.550128741211111 Mo
0.440938450101361 0.500000000000001 0.565826088733333 Mo
0.519677527541269 0.500000000000001 0.581523436244445 Mo
0.598416605010136 0.500000000000001 0.597220783766667 Mo
0.677155682479004 0.5 0.612918131288889 Mo
0.755894759947872 0.5 0.628615478811111 Mo
0.834633837416739 0.5 0.644312826322222 Mo
0.913372914885607 0.5 0.660010173844445 Mo
0.992111992354475 0.5 0.675707521366667 Mo
0.0433061088908196 0.5 0.4533284315 Mo
0.122045186359687 0.5 0.469025779022222 Mo
0.200784263828555 0.5 0.484723126544445 Mo
0.279523341297423 0.5 0.500420474066667 Mo
0.35826241876629 0.5 0.516117821577778 Mo
0.437001496206198 0.500000000000001 0.5318151691 Mo
0.515740573675065 0.500000000000001 0.547512516622222 Mo
0.594479651143933 0.500000000000001 0.563209864144444 Mo
0.673218728612801 0.5 0.578907211666667 Mo
0.751957806081668 0.5 0.594604559177778 Mo
0.830696883550536 0.5 0.6103019067 Mo
0.909435961019404 0.5 0.625999254222222 Mo
0.988175038459312 0.5 0.641696601744445 Mo
0.0393691550246163 0.5 0.419317511877778 Mo
0.118108232493484 0.5 0.4350148594 Mo
0.196847309962352 0.5 0.450712206911111 Mo
0.275586387402259 0.5 0.466409554433333 Mo
0.354325464871127 0.5 0.482106901955556 Mo
0.433064542339994 0.500000000000001 0.497804249477778 Mo
0.511803619808862 0.500000000000001 0.513501597 Mo
0.59054269727773 0.500000000000001 0.529198944511111 Mo
0.669281774746597 0.5 0.544896292033334 Mo
0.748020852215465 0.5 0.560593639555556 Mo
0.826759929655372 0.5 0.576290987077778 Mo
0.90549900712424 0.5 0.591988334588889 Mo
0.984238084593108 0.5 0.607685682111111 Mo
0.035432201158413 0.5 0.385306592244444 Mo
0.114171278627281 0.5 0.401003939766667 Mo
0.192910356067188 0.5 0.416701287288889 Mo
0.271649433536056 0.5 0.432398634811111 Mo
0.350388511004923 0.5 0.448095982333333 Mo
0.429127588473791 0.500000000000001 0.463793329844445 Mo
0.507866665942659 0.500000000000001 0.479490677366667 Mo
0.586605743411526 0.500000000000001 0.495188024888889 Mo
0.665344820851434 0.5 0.510885372411111 Mo
0.744083898320301 0.5 0.526582719933333 Mo
0.822822975789169 0.5 0.542280067444444 Mo
0.901562053258037 0.5 0.557977414966667 Mo
0.980301130726905 0.5 0.573674762488889 Mo
0.110234324732117 0.5 0.366993020144444 Mo
0.188973402200985 0.5 0.382690367666667 Mo
0.267712479669852 0.5 0.398387715177778 Mo
0.34645155713872 0.5 0.4140850627 Mo
0.425190634607588 0.500000000000001 0.429782410222222 Mo
0.503929712076455 0.500000000000001 0.445479757744445 Mo
0.582668789516363 0.500000000000001 0.461177105266667 Mo
0.66140786698523 0.5 0.476874452777778 Mo
0.740146944454098 0.5 0.4925718003 Mo
0.818886021922966 0.5 0.508269147822222 Mo
0.897625099391833 0.5 0.523966495344445 Mo
0.976364176860701 0.5 0.539663842866667 Mo
0.263775525803649 0.5 0.364376795555556 Mo
0.342514603272517 0.5 0.380074143077778 Mo
0.421253680712424 0.500000000000001 0.3957714906 Mo
0.499992758181292 0.500000000000001 0.411468838111111 Mo
0.57873183565016 0.500000000000001 0.427166185633333 Mo
0.657470913119027 0.5 0.442863533155556 Mo
0.736209990587895 0.5 0.458560880677778 Mo
0.814949068056762 0.5 0.4742582282 Mo
0.89368814552563 0.5 0.489955575711111 Mo
0.972427222965538 0.5 0.505652923233334 Mo
0.496055804315088 0.500000000000001 0.377457918488889 Mo
0.574794881783956 0.500000000000001 0.393155266011111 Mo
0.653533959252824 0.500000000000001 0.408852613533333 Mo
0.732273036721692 0.5 0.424549961044445 Mo
0.811012114161599 0.5 0.440247308566667 Mo
0.889751191630466 0.5 0.455944656088889 Mo
0.968490269099335 0.5 0.471642003611111 Mo
0.64959700538662 0.500000000000001 0.3748416939 Mo
0.728336082826528 0.5 0.390539041422222 Mo
0.807075160295396 0.5 0.406236388944444 Mo
0.885814237764263 0.5 0.421933736466667 Mo
0.964553315233131 0.5 0.437631083977778 Mo
0.803138206429192 0.5 0.372225469311111 Mo
0.88187728389806 0.5 0.387922816833333 Mo
0.960616361366928 0.5 0.403620164355556 Mo
0.956679407471764 0.5 0.369609244733334 Mo
0.0433205925282363 0.43524 0.674835199711111 S
0.0393836386330727 0.43524 0.640824280088889 S
0.11812271610194 0.43524 0.656521627611111 S
0.196861793570808 0.43524 0.672218975133334 S
0.275600871039676 0.43524 0.687916322644445 S
0.0354466847668694 0.43524 0.606813360466667 S
0.114185762235737 0.43524 0.622510707977778 S
0.192924839704605 0.43524 0.6382080555 S
0.271663917173472 0.43524 0.653905403022222 S
0.35040299461338 0.43524 0.669602750544444 S
0.429142072082248 0.43524 0.685300098066667 S
0.0315097309006661 0.43524 0.572802440833333 S
0.110248808369534 0.43524 0.588499788355556 S
0.188987885838401 0.43524 0.604197135877778 S
0.267726963278309 0.43524 0.6198944834 S
0.346466040747176 0.43524 0.635591830911111 S
0.425205118216044 0.43524 0.651289178433333 S
0.503944195684912 0.43524 0.666986525955556 S
0.58268327315378 0.43524 0.682683873477778 S
0.0275727770344628 0.43524 0.538791521211111 S
0.10631185447437 0.43524 0.554488868733333 S
0.185050931943238 0.43524 0.570186216244445 S
0.263790009412105 0.43524 0.585883563766667 S
0.342529086880973 0.43524 0.601580911288889 S
0.421268164349841 0.43524 0.617278258811111 S
0.500007241818708 0.43524 0.632975606333333 S
0.578746319287576 0.43524 0.648672953844444 S
0.657485396727484 0.43524 0.664370301366667 S
0.736224474196351 0.43524 0.680067648888889 S
0.0236358231392992 0.43524 0.504780601577778 S
0.102374900608167 0.43524 0.5204779491 S
0.181113978077035 0.43524 0.536175296622222 S
0.259853055545902 0.43524 0.551872644144445 S
0.33859213301477 0.43524 0.567569991666667 S
0.417331210483638 0.43524 0.583267339177778 S
0.496070287923545 0.43524 0.5989646867 S
0.574809365392413 0.43524 0.614662034222222 S
0.65354844286128 0.43524 0.630359381744445 S
0.732287520330148 0.43524 0.646056729266667 S
0.811026597799016 0.43524 0.661754076777778 S
0.889765675267883 0.43524 0.6774514243 S
0.0196988692730959 0.43524 0.470769681955556 S
0.0984379467419635 0.43524 0.486467029477778 S
0.177177024210831 0.43524 0.502164377 S
0.255916101679699 0.43524 0.517861724511111 S
0.334655179148567 0.43524 0.533559072033333 S
0.413394256588474 0.43524 0.549256419555556 S
0.492133334057342 0.43524 0.564953767077778 S
0.570872411526209 0.43524 0.5806511146 S
0.649611488995077 0.43524 0.596348462111111 S
0.728350566463945 0.43524 0.612045809633333 S
0.807089643932812 0.43524 0.627743157155556 S
0.88582872137272 0.43524 0.643440504677778 S
0.964567798841587 0.43524 0.6591378522 S
0.0157619154068926 0.43524 0.436758762333333 S
0.0945009928757602 0.43524 0.452456109855556 S
0.173240070344628 0.43524 0.468153457366667 S
0.251979147784535 0.43524 0.483850804888889 S
0.330718225253403 0.43524 0.499548152411111 S
0.409457302722271 0.43524 0.515245499933333 S
0.488196380191138 0.43524 0.530942847444445 S
0.566935457660006 0.43524 0.546640194966667 S
0.645674535128874 0.43524 0.562337542488889 S
0.724413612597741 0.43524 0.578034890011111 S
0.803152690037649 0.43524 0.593732237533333 S
0.881891767506516 0.43524 0.609429585044445 S
0.960630844975384 0.43524 0.625126932566667 S
0.0118249615406893 0.43524 0.4027478427 S
0.0905640389805966 0.43524 0.418445190222222 S
0.169303116449464 0.43524 0.434142537744445 S
0.248042193918332 0.43524 0.449839885266667 S
0.3267812713872 0.43524 0.465537232777778 S
0.405520348856067 0.43524 0.4812345803 S
0.484259426324935 0.43524 0.496931927822222 S
0.562998503793803 0.43524 0.512629275344444 S
0.64173758123371 0.43524 0.528326622866667 S
0.720476658702578 0.43524 0.544023970377778 S
0.799215736171445 0.43524 0.5597213179 S
0.877954813640313 0.43524 0.575418665422223 S
0.956693891109181 0.43524 0.591116012944445 S
0.00788800764552564 0.43524 0.368736923077778 S
0.0866270851143933 0.43524 0.3844342706 S
0.165366162583261 0.43524 0.400131618122222 S
0.244105240052129 0.43524 0.415828965633333 S
0.322844317520996 0.43524 0.431526313155556 S
0.401583394989864 0.43524 0.447223660677778 S
0.480322472458732 0.43524 0.4629210082 S
0.559061549898639 0.43524 0.478618355711111 S
0.637800627367507 0.43524 0.494315703233333 S
0.716539704836374 0.43524 0.510013050755556 S
0.795278782305242 0.43524 0.525710398277778 S
0.87401785977411 0.43524 0.5414077458 S
0.952756937242978 0.43524 0.557105093311111 S
0.161429208717058 0.43524 0.366120698488889 S
0.240168286185925 0.43524 0.381818046011111 S
0.318907363654793 0.43524 0.397515393533333 S
0.3976464410947 0.43524 0.413212741055556 S
0.476385518563568 0.43524 0.428910088566667 S
0.555124596032436 0.43524 0.444607436088889 S
0.633863673501303 0.43524 0.460304783611111 S
0.712602750970171 0.43524 0.476002131133333 S
0.791341828439039 0.43524 0.491699478644445 S
0.870080905907906 0.43524 0.507396826166667 S
0.948819983347814 0.43524 0.523094173688889 S
0.393709487228497 0.43524 0.379201821422222 S
0.472448564697365 0.43524 0.394899168944444 S
0.551187642166232 0.43524 0.410596516466667 S
0.6299267196351 0.43524 0.426293863988889 S
0.708665797103968 0.43524 0.4419912115 S
0.787404874543875 0.43524 0.457688559022222 S
0.866143952012743 0.43524 0.473385906544445 S
0.94488302948161 0.43524 0.489083254066667 S
0.547250688300029 0.43524 0.376585596833333 S
0.625989765739936 0.43524 0.392282944355556 S
0.704728843208804 0.43524 0.407980291877778 S
0.783467920677672 0.43524 0.4236776394 S
0.862206998146539 0.43524 0.439374986922222 S
0.940946075615407 0.43524 0.455072334433334 S
0.700791889342601 0.43524 0.373969372255556 S
0.779530966811469 0.43524 0.389666719766667 S
0.858270044280336 0.43524 0.405364067288889 S
0.937009121749204 0.43524 0.421061414811111 S
0.854333090414133 0.43524 0.371353147666667 S
0.93307216785404 0.43524 0.387050495188889 S
0.0433205925282363 0.56476 0.674835199711111 S
0.0393836386330727 0.56476 0.640824280088889 S
0.11812271610194 0.56476 0.656521627611111 S
0.196861793570808 0.56476 0.672218975133334 S
0.275600871039676 0.56476 0.687916322644445 S
0.0354466847668694 0.56476 0.606813360466667 S
0.114185762235737 0.56476 0.622510707977778 S
0.192924839704605 0.56476 0.6382080555 S
0.271663917173472 0.56476 0.653905403022222 S
0.35040299461338 0.56476 0.669602750544444 S
0.429142072082248 0.564760000000001 0.685300098066667 S
0.0315097309006661 0.56476 0.572802440833333 S
0.110248808369534 0.56476 0.588499788355556 S
0.188987885838401 0.56476 0.604197135877778 S
0.267726963278309 0.56476 0.6198944834 S
0.346466040747176 0.56476 0.635591830911111 S
0.425205118216044 0.56476 0.651289178433333 S
0.503944195684912 0.56476 0.666986525955556 S
0.58268327315378 0.564760000000001 0.682683873477778 S
0.0275727770344628 0.56476 0.538791521211111 S
0.10631185447437 0.56476 0.554488868733333 S
0.185050931943238 0.56476 0.570186216244445 S
0.263790009412105 0.56476 0.585883563766667 S
0.342529086880973 0.56476 0.601580911288889 S
0.421268164349841 0.56476 0.617278258811111 S
0.500007241818708 0.56476 0.632975606333334 S
0.578746319287576 0.56476 0.648672953844444 S
0.657485396727484 0.56476 0.664370301366667 S
0.736224474196351 0.56476 0.680067648888889 S
0.0236358231392992 0.56476 0.504780601577778 S
0.102374900608167 0.56476 0.5204779491 S
0.181113978077035 0.56476 0.536175296622222 S
0.259853055545902 0.56476 0.551872644144445 S
0.33859213301477 0.56476 0.567569991666667 S
0.417331210483638 0.56476 0.583267339177778 S
0.496070287923545 0.56476 0.5989646867 S
0.574809365392413 0.56476 0.614662034222222 S
0.65354844286128 0.56476 0.630359381744445 S
0.732287520330148 0.56476 0.646056729266667 S
0.811026597799016 0.56476 0.661754076777778 S
0.889765675267883 0.56476 0.6774514243 S
0.0196988692730959 0.56476 0.470769681955556 S
0.0984379467419635 0.56476 0.486467029477778 S
0.177177024210831 0.56476 0.502164377 S
0.255916101679699 0.56476 0.517861724511111 S
0.334655179148567 0.56476 0.533559072033333 S
0.413394256588474 0.56476 0.549256419555556 S
0.492133334057342 0.56476 0.564953767077778 S
0.570872411526209 0.56476 0.5806511146 S
0.649611488995077 0.56476 0.596348462111111 S
0.728350566463945 0.56476 0.612045809633333 S
0.807089643932812 0.56476 0.627743157155556 S
0.88582872137272 0.56476 0.643440504677778 S
0.964567798841587 0.56476 0.6591378522 S
0.0157619154068926 0.56476 0.436758762333333 S
0.0945009928757602 0.56476 0.452456109855556 S
0.173240070344628 0.56476 0.468153457366667 S
0.251979147784535 0.56476 0.483850804888889 S
0.330718225253403 0.56476 0.499548152411111 S
0.409457302722271 0.56476 0.515245499933333 S
0.488196380191138 0.56476 0.530942847444445 S
0.566935457660006 0.56476 0.546640194966667 S
0.645674535128874 0.56476 0.562337542488889 S
0.724413612597741 0.56476 0.578034890011111 S
0.803152690037649 0.56476 0.593732237533333 S
0.881891767506516 0.56476 0.609429585044445 S
0.960630844975384 0.56476 0.625126932566667 S
0.0118249615406893 0.56476 0.4027478427 S
0.0905640389805966 0.56476 0.418445190222222 S
0.169303116449464 0.56476 0.434142537744445 S
0.248042193918332 0.56476 0.449839885266667 S
0.3267812713872 0.56476 0.465537232777778 S
0.405520348856067 0.56476 0.4812345803 S
0.484259426324935 0.56476 0.496931927822222 S
0.562998503793803 0.56476 0.512629275344444 S
0.64173758123371 0.56476 0.528326622866667 S
0.720476658702578 0.56476 0.544023970377778 S
0.799215736171445 0.56476 0.5597213179 S
0.877954813640313 0.56476 0.575418665422223 S
0.956693891109181 0.56476 0.591116012944445 S
0.00788800764552564 0.56476 0.368736923077778 S
0.0866270851143933 0.56476 0.3844342706 S
0.165366162583261 0.56476 0.400131618122222 S
0.244105240052129 0.56476 0.415828965633333 S
0.322844317520996 0.56476 0.431526313155556 S
0.401583394989864 0.56476 0.447223660677778 S
0.480322472458732 0.56476 0.4629210082 S
0.559061549898639 0.56476 0.478618355711111 S
0.637800627367507 0.56476 0.494315703233333 S
0.716539704836374 0.56476 0.510013050755556 S
0.795278782305242 0.56476 0.525710398277778 S
0.87401785977411 0.56476 0.5414077458 S
0.952756937242978 0.56476 0.557105093311111 S
0.161429208717058 0.56476 0.366120698488889 S
0.240168286185925 0.56476 0.381818046011111 S
0.318907363654793 0.56476 0.397515393533333 S
0.3976464410947 0.56476 0.413212741055556 S
0.476385518563568 0.56476 0.428910088566667 S
0.555124596032436 0.56476 0.444607436088889 S
0.633863673501303 0.56476 0.460304783611111 S
0.712602750970171 0.56476 0.476002131133333 S
0.791341828439039 0.56476 0.491699478644445 S
0.870080905907906 0.56476 0.507396826166667 S
0.948819983347814 0.56476 0.523094173688889 S
0.393709487228497 0.56476 0.379201821422222 S
0.472448564697365 0.56476 0.394899168944445 S
0.551187642166232 0.56476 0.410596516466667 S
0.6299267196351 0.56476 0.426293863988889 S
0.708665797103968 0.56476 0.4419912115 S
0.787404874543875 0.56476 0.457688559022222 S
0.866143952012743 0.56476 0.473385906544445 S
0.94488302948161 0.56476 0.489083254066667 S
0.547250688300029 0.56476 0.376585596833333 S
0.625989765739936 0.56476 0.392282944355556 S
0.704728843208804 0.56476 0.407980291877778 S
0.783467920677672 0.56476 0.4236776394 S
0.862206998146539 0.56476 0.439374986922222 S
0.940946075615407 0.56476 0.455072334433334 S
0.700791889342601 0.56476 0.373969372255556 S
0.779530966811469 0.56476 0.389666719766667 S
0.858270044280336 0.56476 0.405364067288889 S
0.937009121749204 0.56476 0.421061414811111 S
0.854333090414133 0.56476 0.371353147666667 S
0.93307216785404 0.56476 0.387050495188889 S
fixPosL
0.0374006780770345 0.5 0.308799059044444 Mo
0.112202801679699 0.5 0.327112631155556 Mo
0.0413376319721981 0.5 0.274788139422222 Mo
0.116139755545902 0.5 0.293101711533333 Mo
0.190941879148567 0.5 0.311415283633333 Mo
0.265744002722271 0.5 0.329728855744444 Mo
0.0452745858384014 0.5 0.2407772198 Mo
0.120076709412105 0.5 0.2590907919 Mo
0.19487883301477 0.5 0.277404364011111 Mo
0.269680956617434 0.5 0.295717936111111 Mo
0.344483080191138 0.5 0.314031508222222 Mo
0.419285203793803 0.5 0.332345080333333 Mo
0.0492115397046047 0.5 0.206766300166667 Mo
0.124013663307269 0.5 0.225079872277778 Mo
0.198815786880973 0.5 0.243393444377778 Mo
0.273617910483637 0.5 0.261707016488889 Mo
0.348420034057342 0.5 0.2800205886 Mo
0.423222157660006 0.500000000000001 0.2983341607 Mo
0.49802428126267 0.500000000000001 0.316647732811111 Mo
0.572826404836374 0.500000000000001 0.334961304911111 Mo
0.053148493570808 0.5 0.172755380544445 Mo
0.127950617173472 0.5 0.191068952644444 Mo
0.202752740747176 0.5 0.209382524755556 Mo
0.277554864349841 0.5 0.227696096866667 Mo
0.352356987952505 0.5 0.246009668966667 Mo
0.427159111526209 0.500000000000001 0.264323241077778 Mo
0.501961235128873 0.500000000000001 0.282636813177778 Mo
0.576763358731538 0.500000000000001 0.300950385288889 Mo
0.651565482305242 0.500000000000001 0.3192639574 Mo
0.726367605907907 0.5 0.3375775295 Mo
0.0570854474370113 0.5 0.138744460911111 Mo
0.131887571039676 0.5 0.157058033022222 Mo
0.20668969464234 0.5 0.175371605133333 Mo
0.281491818216044 0.5 0.193685177233333 Mo
0.356293941818708 0.5 0.211998749344444 Mo
0.431096065421373 0.500000000000001 0.230312321444444 Mo
0.505898188995077 0.500000000000001 0.248625893555556 Mo
0.580700312597741 0.500000000000001 0.266939465666667 Mo
0.655502436171445 0.500000000000001 0.285253037766667 Mo
0.73030455977411 0.5 0.303566609877778 Mo
0.805106683376774 0.5 0.321880181977778 Mo
0.061022401332175 0.5 0.104733541288889 Mo
0.135824524905879 0.5 0.1230471134 Mo
0.210626648508543 0.5 0.1413606855 Mo
0.285428772111208 0.5 0.159674257611111 Mo
0.360230895684912 0.5 0.177987829711111 Mo
0.435033019287576 0.500000000000001 0.196301401822222 Mo
0.50983514286128 0.500000000000001 0.214614973933333 Mo
0.584637266463945 0.500000000000001 0.232928546033333 Mo
0.659439390066609 0.5 0.251242118144444 Mo
0.734241513640313 0.5 0.269555690244444 Mo
0.809043637242977 0.5 0.287869262355556 Mo
0.883845760816681 0.5 0.306182834466667 Mo
0.958647884419346 0.5 0.324496406566667 Mo
0.0649593551983782 0.5 0.0707226216666667 Mo
0.139761478801043 0.5 0.0890361937666667 Mo
0.214563602374747 0.5 0.107349765877778 Mo
0.289365725977411 0.5 0.125663337977778 Mo
0.364167849551115 0.5 0.143976910088889 Mo
0.438969973153779 0.500000000000001 0.1622904822 Mo
0.513772096756444 0.500000000000001 0.1806040543 Mo
0.588574220330148 0.500000000000001 0.198917626411111 Mo
0.663376343932812 0.5 0.217231198511111 Mo
0.738178467506516 0.5 0.235544770622222 Mo
0.812980591109181 0.5 0.253858342733333 Mo
0.887782714711845 0.5 0.272171914833333 Mo
0.96258483828555 0.5 0.290485486944444 Mo
0.0688963090645816 0.5 0.0367117020333333 Mo
0.143698432667246 0.5 0.0550252741444444 Mo
0.21850055624095 0.5 0.0733388462555556 Mo
0.293302679843614 0.5 0.0916524183555556 Mo
0.368104803446279 0.5 0.109965990466667 Mo
0.442906927019983 0.500000000000001 0.128279562566667 Mo
0.517709050622647 0.500000000000001 0.146593134677778 Mo
0.592511174196351 0.500000000000001 0.164906706777778 Mo
0.667313297799016 0.5 0.183220278888889 Mo
0.74211542140168 0.5 0.201533851 Mo
0.816917544975384 0.5 0.2198474231 Mo
0.891719668578048 0.5 0.238160995211111 Mo
0.966521792180713 0.5 0.256474567311111 Mo
0.222437510136114 0.5 0.0393279266222222 Mo
0.297239633709818 0.5 0.0576414987333334 Mo
0.372041757312482 0.5 0.0759550708333333 Mo
0.446843880915146 0.500000000000001 0.0942686429444444 Mo
0.52164600448885 0.500000000000001 0.112582215055556 Mo
0.596448128091515 0.500000000000001 0.130895787155556 Mo
0.671250251665219 0.5 0.149209359266667 Mo
0.746052375267883 0.5 0.167522931366667 Mo
0.820854498870548 0.5 0.185836503477778 Mo
0.895656622444252 0.5 0.204150075577778 Mo
0.970458746046917 0.5 0.222463647688889 Mo
0.301176587604981 0.500000000000001 0.0236305791000001 Mo
0.375978711178685 0.5 0.0419441512111112 Mo
0.45078083478135 0.500000000000001 0.0602577233222222 Mo
0.525582958355054 0.500000000000001 0.0785712954222222 Mo
0.600385081957718 0.500000000000001 0.0968848675333333 Mo
0.675187205560382 0.5 0.115198439633333 Mo
0.749989329134086 0.5 0.133512011744444 Mo
0.824791452736751 0.5 0.151825583844444 Mo
0.899593576310455 0.5 0.170139155955556 Mo
0.97439569991312 0.5 0.188452728066667 Mo
0.454717788647553 0.500000000000002 0.0262468036888889 Mo
0.529519912250217 0.500000000000001 0.0445603758 Mo
0.604322035823921 0.500000000000001 0.0628739479 Mo
0.679124159426586 0.5 0.0811875200111111 Mo
0.75392628300029 0.5 0.0995010921222222 Mo
0.828728406602954 0.5 0.117814664222222 Mo
0.903530530205618 0.5 0.136128236333333 Mo
0.978332653779323 0.5 0.154441808433333 Mo
0.608258989690125 0.500000000000002 0.0288630282777778 Mo
0.683061113292789 0.5 0.0471766003888889 Mo
0.757863236895453 0.5 0.0654901724888889 Mo
0.832665360469158 0.5 0.0838037446 Mo
0.907467484071822 0.5 0.1021173167 Mo
0.982269607645526 0.5 0.120430888811111 Mo
0.761800190761657 0.5 0.0314792528666666 Mo
0.836602314364321 0.5 0.0497928249666667 Mo
0.911404437938025 0.5 0.0681063970777778 Mo
0.98620656154069 0.5 0.0864199691888889 Mo
0.915341391804228 0.5 0.0340954774555556 Mo
0.990143515406893 0.5 0.0524090495555556 Mo
0.00985648459310745 0.43524 0.325368728222222 S
0.0137934384593107 0.43524 0.291357808588889 S
0.0885955620619751 0.43524 0.3096713807 S
0.163397685635679 0.43524 0.327984952811111 S
0.0177303923544744 0.43524 0.257346888966667 S
0.0925325159281784 0.43524 0.275660461077778 S
0.167334639530843 0.43524 0.293974033177778 S
0.242136763104547 0.43524 0.312287605288889 S
0.316938886707211 0.43524 0.330601177388889 S
0.0216673462206777 0.43524 0.223335969344444 S
0.0964694697943817 0.43524 0.241649541444444 S
0.171271593397046 0.43524 0.259963113555556 S
0.246073716999711 0.43524 0.278276685655556 S
0.320875840573415 0.43524 0.296590257766667 S
0.395677964176079 0.43524 0.314903829877778 S
0.470480087749783 0.43524 0.333217401977778 S
0.025604300086881 0.43524 0.189325049711111 S
0.100406423689545 0.43524 0.207638621822222 S
0.175208547263249 0.43524 0.225952193933333 S
0.250010670865914 0.43524 0.244265766033333 S
0.324812794439618 0.43524 0.262579338144445 S
0.399614918042282 0.43524 0.280892910244445 S
0.474417041644947 0.43524 0.299206482355556 S
0.549219165218651 0.43524 0.317520054455556 S
0.624021288821315 0.43524 0.335833626566667 S
0.0295412539530843 0.43524 0.155314130088889 S
0.104343377555749 0.43524 0.1736277022 S
0.179145501129453 0.43524 0.1919412743 S
0.253947624732117 0.43524 0.210254846411111 S
0.328749748334781 0.43524 0.228568418511111 S
0.403551871908485 0.43524 0.246881990622222 S
0.47835399551115 0.43524 0.265195562722222 S
0.553156119084854 0.43524 0.283509134833333 S
0.627958242687518 0.43524 0.301822706944445 S
0.702760366290183 0.43524 0.320136279044445 S
0.0334782078192876 0.43524 0.121303210466667 S
0.108280331421952 0.43524 0.139616782566667 S
0.183082455024616 0.43524 0.157930354677778 S
0.25788457859832 0.43524 0.176243926777778 S
0.332686702200985 0.43524 0.194557498888889 S
0.407488825803649 0.43524 0.212871071 S
0.482290949377353 0.43524 0.2311846431 S
0.557093072980018 0.43524 0.249498215211111 S
0.631895196553722 0.43524 0.267811787311111 S
0.706697320156386 0.43524 0.286125359422222 S
0.78149944375905 0.43524 0.304438931522222 S
0.856301567332754 0.43524 0.322752503633333 S
0.0374151617144512 0.43524 0.0872922908333334 S
0.112217285288155 0.43524 0.105605862944444 S
0.18701940889082 0.43524 0.123919435044444 S
0.261821532493484 0.43524 0.142233007155556 S
0.336623656067188 0.43524 0.160546579266667 S
0.411425779669852 0.43524 0.178860151366667 S
0.486227903243557 0.43524 0.197173723477778 S
0.561030026846221 0.43524 0.215487295577778 S
0.635832150448885 0.43524 0.233800867688889 S
0.710634274022589 0.43524 0.2521144398 S
0.785436397625254 0.43524 0.2704280119 S
0.860238521198958 0.43524 0.288741584011111 S
0.935040644801622 0.43524 0.307055156111111 S
0.0413521155806545 0.43524 0.0532813712111111 S
0.116154239183319 0.43524 0.0715949433111111 S
0.190956362757023 0.43524 0.0899085154222222 S
0.265758486359687 0.43524 0.108222087533333 S
0.340560609933391 0.43524 0.126535659633333 S
0.415362733536056 0.43524 0.144849231744445 S
0.49016485713872 0.43524 0.163162803844444 S
0.564966980712424 0.43524 0.181476375955556 S
0.639769104315088 0.43524 0.199789948066667 S
0.714571227888793 0.43524 0.218103520166667 S
0.789373351491457 0.43524 0.236417092277778 S
0.864175475094121 0.43524 0.254730664377778 S
0.938977598667825 0.43524 0.273044236488889 S
0.120091193049522 0.43524 0.0375840236888889 S
0.194893316623226 0.43524 0.0558975958 S
0.269695440225891 0.43524 0.0742111679 S
0.344497563828555 0.43524 0.0925247400111111 S
0.419299687402259 0.43524 0.110838312111111 S
0.494101811004924 0.43524 0.129151884222222 S
0.568903934578627 0.43524 0.147465456333333 S
0.643706058181292 0.43524 0.165779028433333 S
0.718508181783956 0.43524 0.184092600544444 S
0.79331030535766 0.43524 0.202406172644445 S
0.868112428960325 0.43524 0.220719744755556 S
0.942914552562989 0.43524 0.239033316866667 S
0.273632394092094 0.43524 0.0402002482777778 S
0.348434517694758 0.43524 0.0585138203777778 S
0.423236641268462 0.43524 0.0768273924888889 S
0.498038764871127 0.43524 0.0951409646 S
0.572840888473791 0.43524 0.1134545367 S
0.647643012047495 0.43524 0.131768108811111 S
0.722445135650159 0.43524 0.150081680911111 S
0.797247259252824 0.43524 0.168395253022222 S
0.872049382826528 0.43524 0.186708825133333 S
0.946851506429192 0.43524 0.205022397233333 S
0.352371471560962 0.43524 0.0245029007555555 S
0.427173595163626 0.43524 0.0428164728666668 S
0.50197571873733 0.43524 0.0611300449666667 S
0.576777842339994 0.43524 0.0794436170777778 S
0.651579965942659 0.43524 0.0977571891777778 S
0.726382089516363 0.43524 0.116070761288889 S
0.801184213119027 0.43524 0.1343843334 S
0.875986336692731 0.43524 0.1526979055 S
0.950788460295395 0.43524 0.171011477611111 S
0.505912672632494 0.43524 0.0271191253444445 S
0.580714796206197 0.43524 0.0454326974444445 S
0.655516919808862 0.43524 0.0637462695555556 S
0.730319043382566 0.43524 0.0820598416666667 S
0.80512116698523 0.43524 0.100373413766667 S
0.879923290587895 0.43524 0.118686985877778 S
0.954725414161599 0.43524 0.137000557977778 S
0.659453873675065 0.43524 0.0297353499333333 S
0.73425599727773 0.43524 0.0480489220333333 S
0.809058120851434 0.43524 0.0663624941444445 S
0.883860244454098 0.43524 0.0846760662444444 S
0.958662368027802 0.43524 0.102989638355556 S
0.812995074717637 0.43524 0.0323515745111111 S
0.887797198320301 0.43524 0.0506651466222222 S
0.962599321922966 0.43524 0.0689787187333333 S
0.966536275789169 0.43524 0.0349677991 S
0.00985648459310745 0.56476 0.325368728222222 S
0.0137934384593107 0.56476 0.291357808588889 S
0.0885955620619751 0.56476 0.3096713807 S
0.163397685635679 0.56476 0.327984952811111 S
0.0177303923544744 0.56476 0.257346888966667 S
0.0925325159281784 0.56476 0.275660461077778 S
0.167334639530843 0.56476 0.293974033177778 S
0.242136763104547 0.56476 0.312287605288889 S
0.316938886707211 0.56476 0.330601177388889 S
0.0216673462206777 0.56476 0.223335969344444 S
0.0964694697943817 0.56476 0.241649541444444 S
0.171271593397046 0.56476 0.259963113555556 S
0.246073716999711 0.56476 0.278276685655556 S
0.320875840573415 0.56476 0.296590257766667 S
0.395677964176079 0.56476 0.314903829877778 S
0.470480087749783 0.56476 0.333217401977778 S
0.025604300086881 0.56476 0.189325049711111 S
0.100406423689545 0.56476 0.207638621822222 S
0.175208547263249 0.56476 0.225952193933333 S
0.250010670865914 0.56476 0.244265766033333 S
0.324812794439618 0.56476 0.262579338144445 S
0.399614918042282 0.56476 0.280892910244444 S
0.474417041644947 0.56476 0.299206482355556 S
0.549219165218651 0.56476 0.317520054455556 S
0.624021288821315 0.56476 0.335833626566667 S
0.0295412539530843 0.56476 0.155314130088889 S
0.104343377555749 0.56476 0.1736277022 S
0.179145501129453 0.56476 0.1919412743 S
0.253947624732117 0.56476 0.210254846411111 S
0.328749748334781 0.56476 0.228568418511111 S
0.403551871908485 0.56476 0.246881990622222 S
0.47835399551115 0.56476 0.265195562722222 S
0.553156119084854 0.56476 0.283509134833333 S
0.627958242687518 0.56476 0.301822706944445 S
0.702760366290183 0.56476 0.320136279044445 S
0.0334782078192876 0.56476 0.121303210466667 S
0.108280331421952 0.56476 0.139616782566667 S
0.183082455024616 0.56476 0.157930354677778 S
0.25788457859832 0.56476 0.176243926777778 S
0.332686702200985 0.56476 0.194557498888889 S
0.407488825803649 0.56476 0.212871071 S
0.482290949377353 0.56476 0.2311846431 S
0.557093072980018 0.56476 0.249498215211111 S
0.631895196553722 0.56476 0.267811787311111 S
0.706697320156386 0.56476 0.286125359422222 S
0.78149944375905 0.56476 0.304438931522222 S
0.856301567332754 0.56476 0.322752503633333 S
0.0374151617144512 0.56476 0.0872922908333333 S
0.112217285288155 0.56476 0.105605862944444 S
0.18701940889082 0.56476 0.123919435044444 S
0.261821532493484 0.56476 0.142233007155556 S
0.336623656067188 0.56476 0.160546579266667 S
0.411425779669852 0.56476 0.178860151366667 S
0.486227903243557 0.56476 0.197173723477778 S
0.561030026846221 0.56476 0.215487295577778 S
0.635832150448885 0.56476 0.233800867688889 S
0.710634274022589 0.56476 0.2521144398 S
0.785436397625254 0.56476 0.2704280119 S
0.860238521198958 0.56476 0.288741584011111 S
0.935040644801622 0.56476 0.307055156111111 S
0.0413521155806545 0.56476 0.0532813712111111 S
0.116154239183319 0.56476 0.0715949433111111 S
0.190956362757023 0.56476 0.0899085154222222 S
0.265758486359687 0.56476 0.108222087533333 S
0.340560609933391 0.56476 0.126535659633333 S
0.415362733536056 0.56476 0.144849231744445 S
0.49016485713872 0.56476 0.163162803844445 S
0.564966980712424 0.56476 0.181476375955556 S
0.639769104315088 0.56476 0.199789948066667 S
0.714571227888793 0.56476 0.218103520166667 S
0.789373351491457 0.56476 0.236417092277778 S
0.864175475094121 0.56476 0.254730664377778 S
0.938977598667825 0.56476 0.273044236488889 S
0.120091193049522 0.56476 0.0375840236888889 S
0.194893316623226 0.56476 0.0558975958 S
0.269695440225891 0.56476 0.0742111679 S
0.344497563828555 0.56476 0.0925247400111111 S
0.419299687402259 0.56476 0.110838312111111 S
0.494101811004924 0.56476 0.129151884222222 S
0.568903934578627 0.56476 0.147465456333333 S
0.643706058181292 0.56476 0.165779028433333 S
0.718508181783956 0.56476 0.184092600544444 S
0.79331030535766 0.56476 0.202406172644445 S
0.868112428960325 0.56476 0.220719744755556 S
0.942914552562989 0.56476 0.239033316866667 S
0.273632394092094 0.56476 0.0402002482777778 S
0.348434517694758 0.56476 0.0585138203777778 S
0.423236641268462 0.56476 0.0768273924888889 S
0.498038764871127 0.56476 0.0951409646 S
0.572840888473791 0.56476 0.1134545367 S
0.647643012047495 0.56476 0.131768108811111 S
0.722445135650159 0.56476 0.150081680911111 S
0.797247259252824 0.56476 0.168395253022222 S
0.872049382826528 0.56476 0.186708825133333 S
0.946851506429192 0.56476 0.205022397233333 S
0.352371471560962 0.56476 0.0245029007555555 S
0.427173595163626 0.564760000000001 0.0428164728666668 S
0.50197571873733 0.56476 0.0611300449666667 S
0.576777842339994 0.56476 0.0794436170777778 S
0.651579965942659 0.56476 0.0977571891777778 S
0.726382089516363 0.56476 0.116070761288889 S
0.801184213119027 0.56476 0.1343843334 S
0.875986336692731 0.56476 0.1526979055 S
0.950788460295395 0.56476 0.171011477611111 S
0.505912672632494 0.564760000000001 0.0271191253444444 S
0.580714796206197 0.56476 0.0454326974444444 S
0.655516919808862 0.56476 0.0637462695555556 S
0.730319043382566 0.56476 0.0820598416666667 S
0.80512116698523 0.56476 0.100373413766667 S
0.879923290587895 0.56476 0.118686985877778 S
0.954725414161599 0.56476 0.137000557977778 S
0.659453873675065 0.56476 0.0297353499333333 S
0.73425599727773 0.56476 0.0480489220333333 S
0.809058120851434 0.56476 0.0663624941444445 S
0.883860244454098 0.56476 0.0846760662444445 S
0.958662368027802 0.56476 0.102989638355556 S
0.812995074717637 0.56476 0.0323515745111111 S
0.887797198320301 0.56476 0.0506651466222222 S
0.962599321922966 0.56476 0.0689787187333333 S
0.966536275789169 0.56476 0.0349677991 S
buffPosH
buffPosL
optPos
0.0 0.5 0.0 Mo
0.0 0.5 0.0 Mo
0.0 0.5 0.0 Mo
0.0 0.5647600 0.0 S
0.0 0.5647600 0.0 S
0.0 0.5647600 0.0 S
0.0 0.4352400 0.0 S
0.0 0.4352400 0.0 S
0.0 0.4352400 0.0 S
